94.87 94.87 94.88 94.88 94.89 94.88 94.89 94.66 88.29 74.82
94.88 94.87 94.91 94.87 94.8  94.65 94.47 93.48 88.06 79.99
94.87 94.84 94.84 94.89 94.78 94.56 94.06 92.98 89.93 85.32
94.88 94.85 94.85 94.85 94.9  94.8  94.8  94.65 93.79 91.92
94.86 94.87 94.86 94.92 94.86 94.83 94.79 94.5  92.74 88.76
94.85 94.86 94.86 94.89 94.9  94.77 94.79 94.25 91.93 84.18
94.86 94.88 94.89 94.87 94.9  94.89 94.73 94.31 91.64 81.9
94.86 94.86 94.86 94.84 94.9  94.86 94.71 94.27 91.81 82.73
94.86 94.86 94.86 94.89 94.89 94.89 94.61 93.15 80.17 40.22
94.86 94.85 94.83 94.85 94.93 94.87 94.86 94.16 89.78 64.2
94.87 94.85 94.81 94.81 94.87 94.88 94.74 94.15 88.22 55.93
94.85 94.88 94.85 94.89 94.88 94.67 94.51 93.1  78.34 20.31
94.85 94.89 94.85 94.87 94.84 94.72 94.55 93.02 79.64 39.24
94.86 94.87 94.89 94.94 94.83 94.78 93.97 90.02 59.17 19.39
94.87 94.84 94.88 94.91 94.8  94.54 93.45 81.88 12.48 10.
94.86 94.85 94.95 94.83 94.9  94.38 92.11 63.92 10.55 10.
94.86 94.85 94.87 94.91 94.81 94.69 93.59 86.62 12.04 10.08
94.85 94.84 94.85 94.93 94.78 94.75 93.43 87.38 31.27 10.
94.87 94.85 94.8  94.89 94.85 94.66 94.48 92.67 67.38 22.07
94.87 94.86 94.85 94.82 94.79 94.76 94.37 92.3  72.32 38.7
94.87 94.87 94.88 94.81 94.73 94.78 94.62 92.84 68.18 42.25
