94.87 94.82 94.82 94.84 94.85 94.88 94.93 94.73 93.45 90.21
94.87 94.87 94.86 94.88 94.88 94.9  94.91 94.91 94.81 94.65
94.87 94.88 94.87 94.86 94.85 94.86 94.86 94.79 94.67 94.12
94.87 94.87 94.87 94.88 94.85 94.85 94.82 94.87 94.87 94.86
94.87 94.88 94.87 94.86 94.86 94.89 94.84 94.78 94.66 94.44
94.87 94.86 94.89 94.88 94.81 94.91 94.86 94.61 93.92 92.24
94.86 94.87 94.83 94.82 94.93 94.97 94.9  94.7  94.13 92.76
94.86 94.84 94.84 94.91 94.92 94.84 94.61 93.03 78.45 52.43
94.87 94.83 94.87 94.9  94.89 94.89 94.88 94.94 94.89 94.97
94.87 94.86 94.91 94.95 94.98 94.95 94.52 93.44 89.72 82.25
94.86 94.87 94.86 94.86 94.8  94.87 94.69 93.97 89.94 74.77
94.88 94.86 94.84 94.83 94.84 94.8  94.73 94.6  94.52 94.13
94.87 94.86 94.88 94.86 94.88 94.9  94.84 94.79 94.17 92.16
94.87 94.88 94.9  94.84 94.93 94.82 94.77 94.51 94.   93.14
94.86 94.88 94.9  94.87 94.82 94.95 94.77 94.47 91.66 82.18
94.88 94.84 94.88 94.91 94.92 94.92 94.78 94.05 91.54 84.34
94.87 94.87 94.87 94.9  94.86 94.86 94.89 94.82 94.71 94.44
94.87 94.85 94.85 94.86 94.83 94.9  94.89 94.85 94.6  94.28
94.87 94.86 94.87 94.86 94.85 94.83 94.85 94.9  94.55 93.55
94.87 94.87 94.87 94.86 94.87 94.87 94.88 94.9  94.67 94.13
94.87 94.87 94.88 94.88 94.89 94.88 94.89 94.66 88.29 74.82
