-2.00274059e-04 -8.43259197e-05 -5.79679595e-04  1.89853391e-04 3.90583764e-04 -1.29774214e-03 -5.61192137e-03 -2.90176648e-02 -1.16999120e-01 -5.46745562e-02
-3.58385159e-04 -3.26762939e-04 -1.48608769e-03 -1.40280561e-03 -3.31468384e-03 -8.32454104e-03 -2.74994716e-02 -1.07906075e-01 -2.10750953e-01 -2.83100592e-01
-8.22177717e-04 -2.11868873e-03 -3.47807757e-03 -7.50975635e-03 -1.74495936e-02 -3.87318000e-02 -9.56774466e-02 -2.23481258e-01 -2.85860956e-01 -4.51810651e-01
-1.47570359e-03 -5.29145146e-03 -1.06977234e-02 -2.53137855e-02 -6.14272142e-02 -1.02975311e-01 -2.01553583e-01 -3.17664800e-01 -3.71223233e-01 -5.97988166e-01
-2.35058501e-03 -1.17529251e-02 -3.21564081e-02 -7.12161164e-02 -1.24195081e-01 -1.96412745e-01 -3.00602410e-01 -4.36471349e-01 -5.57582869e-01 -6.92165680e-01
-4.16359228e-03 -2.59618425e-02 -7.03098651e-02 -1.56998207e-01 -2.26158556e-01 -3.43331927e-01 -4.74381737e-01 -5.42772512e-01 -7.01261367e-01 -7.15834320e-01
-6.64066617e-03 -5.25139665e-02 -1.13248314e-01 -2.09239532e-01 -3.06671593e-01 -4.51529859e-01 -4.54935532e-01 -6.38130116e-01 -7.44617190e-01 -7.10011834e-01
-1.16896806e-02 -7.85706757e-02 -1.81924536e-01 -3.09439932e-01 -4.16203948e-01 -5.67841317e-01 -6.19625872e-01 -7.32572167e-01 -7.95042534e-01 -7.46248521e-01
-1.80457468e-02 -9.90618741e-02 -2.54700675e-01 -3.76521464e-01 -5.57869735e-01 -5.82696771e-01 -7.21316846e-01 -7.87882378e-01 -8.21091229e-01 -7.25704142e-01
-2.30947613e-02 -1.55454833e-01 -3.20046374e-01 -4.52979643e-01 -5.84672226e-01 -7.04589576e-01 -7.69794969e-01 -8.06236536e-01 -8.16441772e-01 -7.50106509e-01
