5.69531796e-04 4.57721873e-04 7.79175402e-04 3.63382250e-04 7.16282320e-04 1.29280224e-03 3.92033543e-03 4.25087352e-02 6.83364780e-01 7.90303983e-01
1.79245283e-03 2.11041230e-03 1.72955975e-03 1.90076869e-03 1.96016771e-03 2.58211041e-03 4.05660377e-03 1.84556254e-02 6.39685535e-01 7.98169113e-01
3.43466108e-03 3.69322152e-03 3.67575122e-03 3.64081062e-03 3.97624039e-03 4.10901468e-03 6.34521314e-03 1.60307477e-02 4.81030748e-01 8.04545772e-01
5.55555556e-03 6.31027254e-03 6.28930818e-03 6.48846960e-03 7.07547170e-03 8.04682041e-03 1.05870021e-02 2.03074773e-02 3.43717680e-01 8.17714885e-01
1.00593990e-02 9.77987421e-03 1.02795248e-02 1.10447240e-02 1.17330538e-02 1.25017470e-02 1.80328442e-02 3.04682041e-02 2.56687631e-01 8.21149546e-01
1.66072676e-02 1.60936408e-02 1.60866527e-02 1.69322152e-02 1.83717680e-02 2.08106219e-02 2.63347310e-02 4.71663173e-02 2.75576520e-01 8.24905660e-01
2.45492662e-02 2.49475891e-02 2.49371069e-02 2.72012579e-02 2.80712788e-02 3.04157932e-02 4.07442348e-02 6.50663871e-02 3.54091544e-01 8.49056604e-01
3.89692523e-02 4.15967855e-02 3.90705800e-02 4.31341719e-02 4.37106918e-02 4.97064990e-02 6.60587002e-02 1.17051013e-01 4.45290007e-01 8.44332635e-01
6.63556953e-02 6.70510133e-02 6.53249476e-02 7.14570231e-02 7.40111810e-02 8.40461216e-02 1.08920335e-01 1.86425577e-01 5.68710692e-01 8.57658980e-01
1.20510133e-01 1.25188679e-01 1.30090846e-01 1.33280922e-01 1.35974843e-01 1.42421384e-01 1.90139762e-01 2.99640112e-01 6.56310273e-01 8.70712788e-01
