 1.05407400e-04  6.32444398e-05  4.49266275e-17  1.79305980e-04 5.80597488e-04 -2.74319477e-04 -3.54047770e-03 -2.62171478e-02 -1.69683192e-01 -1.80307692e-01
 1.26488880e-04  1.05407400e-04 -4.53204047e-04  1.68758570e-04 4.85590626e-04 -1.17113315e-03 -8.38089199e-03 -6.18375700e-02 -2.08668231e-01 -4.90769231e-01
 1.47570359e-04 -1.79192579e-04 -5.48060708e-04  8.43792849e-05 1.05563180e-05 -3.56615320e-03 -2.13274149e-02 -1.52143473e-01 -4.49838662e-01 -6.85159763e-01
 3.16222199e-05  6.32444398e-05 -5.16441821e-04 -5.69560173e-04 -2.40684049e-03 -1.08461701e-02 -5.62671740e-02 -3.03597587e-01 -6.04106776e-01 -7.33538462e-01
 2.63518499e-04 -2.95140719e-04 -1.25421585e-03 -4.65140808e-03 -1.42721419e-02 -5.63832032e-02 -2.61815684e-01 -5.37042223e-01 -7.59592256e-01 -7.34343195e-01
-9.69748076e-04 -2.11868873e-03 -8.17875211e-03 -2.16538340e-02 -6.66737042e-02 -2.51709221e-01 -4.54882689e-01 -6.92718656e-01 -7.88721033e-01 -7.24142012e-01
-1.99219985e-03 -7.82122905e-03 -1.96037099e-02 -4.97626833e-02 -2.11611950e-01 -3.99725681e-01 -5.78672585e-01 -7.47210254e-01 -8.05001467e-01 -7.63171598e-01
-1.98165911e-03 -1.25013176e-02 -4.11256324e-02 -1.07942200e-01 -3.47239523e-01 -5.11837940e-01 -6.56034665e-01 -7.70637656e-01 -8.24611323e-01 -7.42911243e-01
-3.23600717e-03 -1.88995467e-02 -5.29194772e-02 -1.78673136e-01 -4.09637918e-01 -5.58134628e-01 -6.72701332e-01 -8.05902628e-01 -8.37518334e-01 -7.59810651e-01
-2.10814799e-03 -2.02276800e-02 -5.08958685e-02 -2.58506487e-01 -4.86245118e-01 -6.16079342e-01 -7.32530120e-01 -7.98998277e-01 -8.18583162e-01 -7.55976331e-01
